274
281
306
307
326
359
556
571
615
654
661
663
665
668
681
683
688
704
705
723
726
828
897
910
990
1045
1076
1105
1116
1118
1167
1198
1220
1338
1445
1452
1531
1534
1593
1613
1628
1741
1842
1961
2010
2079
2088
2279
2355
2356
2416
2449
2544
2548
2553
2560
2565
2574
2578
2600
2632
2637
2664
2676
2680
2683
2684
2701
2704
2709
2724
2729
2734
2740
2744
2748
2754
2756
2875
2886
2937
3006
3056
3057
3095
3112
3230
3240
3283
3298
3333
3337
3393
3425
3426
3576
3601
3664
3744
3793
3796
3797
3800
3801
3802
3804
3805
3832
3911
3966
3971
3973
3974
3975
3982
3985
3997
4000
4004
4005
4009
4011
4013
4015
4016
4017
4019
215
290
312
618
872
1156
1327
2675
2872
3368